0697
0625
0392
0994
0761
0451
0891
0431
0759
0471
0592
0041
0926
old_0203
0173
old_0194
0750
0081
old_0220
0864
old_0242
0675
0506
0781
old_0120
0731
0456
0311
0580
0151
0247
old_0077
0297
0578
0853
0584
0134
0315
1035
0808
old_0073
0965
0606
0764
0230
0800
old_0050
old_0052
old_0116
0527
0275
0922
0779
old_0202
0002
0501
0228
0962
0526
0090
0307
0752
0299
0158
0343
0989
0544
0978
0595
old_0465
0898
0152
0539
0537
old_0207
0668
0473
old_0012
1020
0216
0108
0164
old_0140
0186
0672
0886
0424
0532
0363
0983
0497
0420
0413
0375
0985
0669
0318
0832
old_00000400L
0215
0867
old_0139
0056
0396
0062
old_0023
0302
0183
0883
0576
1044
0524
old_0196
0568
0960
0572
0282
0726
0907
0071
old_0051
old_0097
old_0102
0956
0982
1027
old_0008
0814
0706
0349
0977
old_0067
0790
0298
0012
0737
old_0091
0214
0608
0366
0553
0751
old_0200
0827
old_0209
0570
0338
0252
0687
0869
0690
0378
0797
0400
0531
0723
0352
0446
old_0524
old_0241
0793
0513
0334
0292
0195
old_0171
old_0150
0505
0091
0465
0719
0496
old_0469
0447
old_0071
0906
old_0223
0201
0100
old_0090
0450
0229
old_0131
0896
0356
0027
old_0087
old_0129
0253
old_0047
0374
0665
0085
0232
old_0072
0350
0902
0095
old_0030
1015
old_0390
old_0017
old_0101
0395
old_0064
0509
0064
0583
0137
0932
0824
0236
0093
0961
0559
0288
0581
0346
0340
0205
0882
0440
old_0108
0543
0305
0953
0355
0385
old_0035
old_0098
0489
1040
0125
0774
1026
0122
old_0228
0653
0233
0179
0196
0516
0224
0281
old_0236
0755
0326
0828
0401
old_0199
old_0111
old_0148
0332
0591
old_0001
0593
old_0137
0646
0795
0637
old_0049
0557
0103
0068
0897
old_0218
old_0010
1000
0877
0794
0605
old_0517
0060
old_0046
0789
0860
0786
1036
0594
0705
0337
0955
old_0164
0742
0939
0848
old_0078
0019
0813
0049
0551
0066
old_0133
1003
0035
0123
0266
0631
0226
old_0156
0075
old_0186
0445
0976
old_00001001L
0469
0070
old_0214
old_0167
0344
0088
old_0123
0909
1002
old_0104
1013
0082
old_0155
0284
old_0105
0397
old_00001150L
0865
0080
0394
0801
0430
0935
0491
0712
0069
0234
0416
0657
0811
0472
0180
0358
old_0188
1010
0959
0772
old_0222
old_0056
0185
0220
old_00010690L
0806
1005
0117
0641
0312
0783
0986
0268
0197
0454
0439
0577
0483
0178
old_0500
0498
0564
0099
0927
0854
old_0498
0661
0328
0237
0612
0748
0261
0928
0642
0034
1025
old_0070
0866
0803
old_0099
0415
0264
0639
old_0002
0138
0744
0052
0802
0839
0325
0184
0652
0918
old_0227
0047
old_0093
0598
0868
0504
0425
0417
0190
0775
0738
0571
0934
0845
0107
0822
0664
0732
old_0057
old_0015
0470
1009
0503
0701
0589
0387
0319
0969
0058
0830
0061
0507
0792
0708
1017
0174
0351
0256
0700
0499
0274
0212
old_0496
old_0024
0217
old_0021
old_0065
old_0122
0655
0521
0191
0105
0141
0952
0128
0313
0857
0614
0102
old_0043
0629
old_0113
0834
old_0473
old_0519
0587
0741
old_0177
0841
0500
0916
0251
old_0181
0048
0381
0013
0118
0086
old_0006
0904
0487
0219
0771
old_0234
old_0126
0188
1023
0204
0964
0707
1024
0648
0259
0167
0182
0850
0709
old_0028
0710
0441
0157
0032
0884
0014
0682
0540
0975
0763
0127
0908
0249
old_0134
0238
0468
0403
old_0158
0796
0666
1041
0957
0621
old_0195
old_0176
old_0179
old_0172
0676
0007
old_0058
old_0145
0113
0534
0055
old_0136
0825
0535
1004
0812
0776
0573
0273
0429
0636
0304
1019
0694
old_0162
0565
old_0007
1006
0671
0408
0944
0937
old_0110
old_0525
old_0471
old_0440
0638
0480
old_0147
0484
old_0225
old_0197
0684
0840
old_0187
0762
0617
0823
0031
old_0226
0799
0911
old_0084
0452
old_0159
0881
old_0053
0492
0555
0746
0980
0749
old_0069
0970
0001
0172
0721
0079
0353
1028
1042
0658
0921
0604
0716
0730
0611
0384
0488
old_0141
0460
0574
0838
old_0027
0542
old_0518
0610
0788
0635
0481
0030
0005
0435
0529
0941
0116
0778
old_0026
old_00001500L
old_0119
old_0189
0073
old_0032
old_00001235L
0619
old_0106
0660
old_0138
1012
0367
old_0095
old_0169
1039
0156
0724
0371
old_0495
0260
0972
old_0068
0399
0112
0929
1007
0514
0076
0599
0992
0888
0106
0028
old_0175
0341
0235
0511
0036
old_0054
0474
0077
old_0178
0336
old_0160
0747
old_0039
old_0490
0175
0269
0861
0321
old_0499
0720
old_0088
0130
0892
old_0467
0092
old_0096
0294
0633
0905
0914
0193
0365
0010
old_0466
0773
0379
0545
1021
old_0184
0951
0715
0004
0693
0602
0272
0187
0455
0821
old_0089
0038
old_0033
old_0493
0104
0596
0150
0140
0142
0609
0858
old_0233
old_0535
0656
old_0153
old_0074
0713
old_0031
0634
0327
0443
0293
0270
0973
0322
1034
0139
0063
0784
old_0154
0280
old_0173
0258
0377
0624
0087
old_0232
0517
0386
0357
0698
old_0163
0805
0729
0736
0875
0894
0207
0168
0623
1045
0171
0370
old_00011975L
0760
old_0128
0912
0887
0558
old_0018
0020
old_0115
0745
0753
0097
0348
0043
old_0063
old_0485
0954
0136
0301
0330
0842
0046
0872
0670
0448
0917
0369
0758
0054
0674
0523
0563
0996
0485
old_0246
old_0224
old_0221
0053
0368
old_0127
0727
old_0244
1043
0421
0846
0320
0044
0462
0159
0852
old_0217
0428
0390
0556
0271
0360
0120
0820
0815
0051
old_0034
0718
0444
0458
old_0190
1016
0895
0963
old_0151
old_0042
0600
old_0085
1022
0011
0241
0735
0913
old_0009
0987
old_0066
0695
0427
0373
old_0182
0874
0643
0045
0849
0286
0943
0920
0198
0903
0359
0267
0859
0411
0818
old_0025
0239
0276
0477
0683
1032
0126
1038
0265
0309
0626
0686
old_0170
0770
0549
0078
0222
old_0082
0968
0740
0361
0547
0552
0728
0699
0405
0342
0696
old_0079
0945
0566
0285
old_0165
old_0212
old_0075
0026
0757
0083
old_0059
0597
0345
0008
0177
0296
0262
0522
0733
0016
0628
0089
0042
0999
0121
0510
0314
old_0055
old_0003
0538
0050
0971
0023
0650
0590
0548
0512
old_0240
0206
0561
0339
old_0168
old_0192
0283
0257
0192
0863
0486
old_0060
0688
0495
0949
0579
old_0213
0291
0479
0722
old_0019
old_0230
old_0045
0967
0166
0979
0520
0018
0376
0966
0714
0017
0129
old_0036
0240
0176
0290
0277
old_0243
0998
old_0144
0837
0809
old_0062
old_0103
old_0521
old_0118
0930
0133
old_0516
old_0081
0132
0640
0354
0189
0515
0209
0279
old_0238
0856
0199
0766
0569
0329
old_0004
old_0211
0627
old_0014
0478
old_0135
old_0183
0037
0946
0607
0817
0692
0482
0021
0950
0925
0015
old_0216
0289
old_0237
0200
0836
old_0092
0287
0084
0567
0246
old_0117
old_0215
0423
old_0125
1011
0654
0223
0335
old_0130
0632
0324
0948
0667
0777
old_00000090L
0879
old_0005
0389
0303
0958
old_0029
0231
old_0520
0248
old_0121
0933
0461
0704
0819
0463
0878
old_0146
old_0020
0406
0936
0194
old_00010605L
0250
0997
0678
old_0231
0412
old_0497
0981
0582
0493
old_0468
0847
0434
0094
0787
old_0526
0588
0143
old_0193
0347
0242
